# oST version 5.0 parameters


[image]

width
640

height
480

[narrow_stereo]

camera matrix
783.492419 0.000000 288.641535
0.000000 787.857442 231.938414
0.000000 0.000000 1.000000

distortion
0.040398 0.078669 -0.002649 -0.000333 0.000000

rectification
1.000000 0.000000 0.000000
0.000000 1.000000 0.000000
0.000000 0.000000 1.000000

projection
795.172974 0.000000 288.797897 0.000000
0.000000 799.881470 230.631627 0.000000
0.000000 0.000000 1.000000 0.000000
